#depth	Te	Htot	hden	eden	2H_2/H	HI	HII	HeI	HeII	HeIII	CO/C	C1	C2	C3	C4	O1	O2	O3	O4	O5	O6	H2O/O	AV(point)	AV(extend)	Tau912
5.63139e+14	5.2682e+03	3.424e-22	1.0000e+01	1.0886e+01	2.1399e-18	6.5547e-05	9.9993e-01	5.6000e-04	9.8249e-01	1.6955e-02	2.4941e-26	1.6122e-07	1.0333e-02	9.7934e-01	1.0328e-02	1.3415e-06	4.5553e-02	9.4406e-01	1.0388e-02	1.1755e-36	1.1755e-36	6.5974e-35	0.00e+00	0.00e+00	4.6602e-06
3.37883e+15	5.2660e+03	3.424e-22	1.0000e+01	1.0885e+01	2.1433e-18	6.5557e-05	9.9993e-01	5.6010e-04	9.8250e-01	1.6936e-02	2.4940e-26	1.6120e-07	1.0334e-02	9.7931e-01	1.0351e-02	1.3413e-06	4.5544e-02	9.4411e-01	1.0349e-02	1.1755e-36	1.1755e-36	6.5954e-35	0.00e+00	0.00e+00	2.3304e-05
1.46416e+16	5.2653e+03	3.424e-22	1.0000e+01	1.0885e+01	2.1432e-18	6.5546e-05	9.9993e-01	5.6009e-04	9.8262e-01	1.6824e-02	2.4919e-26	1.6113e-07	1.0332e-02	9.7932e-01	1.0347e-02	1.3407e-06	4.5536e-02	9.4427e-01	1.0195e-02	1.1755e-36	1.1755e-36	6.5889e-35	0.00e+00	0.00e+00	9.7866e-05
5.96927e+16	5.2659e+03	3.423e-22	1.0000e+01	1.0885e+01	2.1402e-18	6.5518e-05	9.9993e-01	5.6023e-04	9.8319e-01	1.6249e-02	2.4883e-26	1.6097e-07	1.0329e-02	9.7936e-01	1.0309e-02	1.3401e-06	4.5531e-02	9.4486e-01	9.6059e-03	1.1755e-36	1.1755e-36	6.5781e-35	0.00e+00	0.00e+00	3.9599e-04
1.42587e+17	5.2634e+03	3.420e-22	1.0000e+01	1.0885e+01	2.1387e-18	6.5461e-05	9.9993e-01	5.6014e-04	9.8355e-01	1.5888e-02	2.4804e-26	1.6057e-07	1.0323e-02	9.7940e-01	1.0280e-02	1.3387e-06	4.5511e-02	9.4570e-01	8.7869e-03	1.1755e-36	1.1755e-36	6.5510e-35	0.00e+00	0.00e+00	7.8321e-04
2.50349e+17	5.2654e+03	3.414e-22	1.0000e+01	1.0884e+01	2.1293e-18	6.5375e-05	9.9993e-01	5.6013e-04	9.8447e-01	1.4968e-02	2.4692e-26	1.6017e-07	1.0315e-02	9.7948e-01	1.0208e-02	1.3362e-06	4.5461e-02	9.4673e-01	7.8097e-03	1.1755e-36	1.1755e-36	6.5166e-35	0.00e+00	0.00e+00	1.2859e-03
3.90440e+17	5.2628e+03	3.410e-22	1.0000e+01	1.0883e+01	2.1280e-18	6.5325e-05	9.9993e-01	5.6075e-04	9.8594e-01	1.3499e-02	2.4652e-26	1.5992e-07	1.0313e-02	9.7960e-01	1.0086e-02	1.3365e-06	4.5476e-02	9.4784e-01	6.6817e-03	1.1755e-36	1.1755e-36	6.4958e-35	0.00e+00	0.00e+00	1.9390e-03
5.72558e+17	5.2646e+03	3.403e-22	1.0000e+01	1.0881e+01	2.1164e-18	6.5226e-05	9.9993e-01	5.6124e-04	9.8791e-01	1.1524e-02	2.4536e-26	1.5952e-07	1.0304e-02	9.7976e-01	9.9307e-03	1.3352e-06	4.5463e-02	9.4910e-01	5.4400e-03	1.1755e-36	1.1755e-36	6.4512e-35	0.00e+00	0.00e+00	2.7866e-03
8.09312e+17	5.2602e+03	3.397e-22	1.0000e+01	1.0879e+01	2.1150e-18	6.5170e-05	9.9993e-01	5.6242e-04	9.9030e-01	9.1401e-03	2.4510e-26	1.5931e-07	1.0304e-02	9.7996e-01	9.7341e-03	1.3372e-06	4.5528e-02	9.5032e-01	4.1489e-03	1.1755e-36	1.1755e-36	6.4230e-35	0.00e+00	0.00e+00	3.8877e-03
1.11709e+18	5.2585e+03	3.390e-22	1.0000e+01	1.0877e+01	2.1069e-18	6.5075e-05	9.9993e-01	5.6342e-04	9.9284e-01	6.6005e-03	2.4445e-26	1.5899e-07	1.0300e-02	9.8017e-01	9.5248e-03	1.3389e-06	4.5595e-02	9.5150e-01	2.9083e-03	1.1755e-36	1.1755e-36	6.3821e-35	0.00e+00	0.00e+00	5.3169e-03
1.51721e+18	5.2550e+03	3.381e-22	1.0000e+01	1.0875e+01	2.1001e-18	6.4977e-05	9.9994e-01	5.6441e-04	9.9521e-01	4.2274e-03	2.4397e-26	1.5869e-07	1.0297e-02	9.8038e-01	9.3176e-03	1.3420e-06	4.5698e-02	9.5247e-01	1.8293e-03	1.1755e-36	1.1755e-36	6.3393e-35	0.00e+00	0.00e+00	7.1721e-03
2.03735e+18	5.2442e+03	3.376e-22	1.0000e+01	1.0873e+01	2.1040e-18	6.4923e-05	9.9994e-01	5.6559e-04	9.9711e-01	2.3293e-03	2.4417e-26	1.5856e-07	1.0303e-02	9.8057e-01	9.1242e-03	1.3478e-06	4.5856e-02	9.5314e-01	1.0032e-03	1.1755e-36	1.1755e-36	6.3033e-35	0.00e+00	0.00e+00	9.5819e-03
2.71355e+18	5.2372e+03	3.366e-22	1.0000e+01	1.0872e+01	2.0983e-18	6.4817e-05	9.9994e-01	5.6617e-04	9.9836e-01	1.0691e-03	2.4394e-26	1.5833e-07	1.0305e-02	9.8073e-01	8.9659e-03	1.3535e-06	4.6018e-02	9.5352e-01	4.6392e-04	1.1755e-36	1.1755e-36	6.2508e-35	0.00e+00	0.00e+00	1.2709e-02
3.59260e+18	5.2236e+03	3.359e-22	1.0000e+01	1.0871e+01	2.1005e-18	6.4741e-05	9.9994e-01	5.6685e-04	9.9904e-01	3.9293e-04	2.4404e-26	1.5824e-07	1.0315e-02	9.8086e-01	8.8223e-03	1.3611e-06	4.6210e-02	9.5361e-01	1.7424e-04	1.1755e-36	1.1755e-36	6.1920e-35	0.00e+00	0.00e+00	1.6771e-02
4.73536e+18	5.2058e+03	3.351e-22	1.0000e+01	1.0871e+01	2.1058e-18	6.4675e-05	9.9994e-01	5.6766e-04	9.9932e-01	1.1105e-04	2.4447e-26	1.5827e-07	1.0332e-02	9.8099e-01	8.6777e-03	1.3711e-06	4.6450e-02	9.5350e-01	5.1141e-05	1.1755e-36	1.1755e-36	6.1253e-35	0.00e+00	0.00e+00	2.2045e-02
6.22096e+18	5.1844e+03	3.342e-22	1.0000e+01	1.0871e+01	2.1120e-18	6.4611e-05	9.9994e-01	5.6868e-04	9.9941e-01	2.3279e-05	2.4509e-26	1.5839e-07	1.0356e-02	9.8113e-01	8.5129e-03	1.3838e-06	4.6743e-02	9.5324e-01	1.1363e-05	1.1755e-36	1.1755e-36	6.0435e-35	0.00e+00	0.00e+00	2.8894e-02
8.15223e+18	5.1584e+03	3.331e-22	1.0000e+01	1.0871e+01	2.0579e-18	6.4556e-05	9.9994e-01	5.7015e-04	9.9943e-01	3.5755e-06	2.4019e-26	1.5868e-07	1.0390e-02	9.8130e-01	8.3110e-03	1.4004e-06	4.7122e-02	9.5287e-01	1.8941e-06	1.1755e-36	1.1755e-36	5.5872e-35	0.00e+00	0.00e+00	3.7791e-02
1.06629e+19	5.1274e+03	3.317e-22	1.0000e+01	1.0871e+01	2.0652e-18	6.4517e-05	9.9994e-01	5.7229e-04	9.9943e-01	4.1877e-07	2.4163e-26	1.5918e-07	1.0437e-02	9.8150e-01	8.0594e-03	1.4225e-06	4.7618e-02	9.5238e-01	2.4470e-07	1.1755e-36	1.1755e-36	5.4729e-35	0.00e+00	0.00e+00	4.9350e-02
1.39267e+19	5.0908e+03	3.301e-22	1.0000e+01	1.0871e+01	1.9924e-18	6.4508e-05	9.9994e-01	5.7533e-04	9.9942e-01	4.0512e-08	2.3615e-26	1.5998e-07	1.0503e-02	9.8175e-01	7.7468e-03	1.4518e-06	4.8271e-02	9.5173e-01	1.1755e-36	1.1755e-36	1.1755e-36	4.9121e-35	0.00e+00	0.00e+00	6.4374e-02
1.81697e+19	5.0482e+03	3.282e-22	1.0000e+01	1.0871e+01	1.9968e-18	6.4548e-05	9.9994e-01	5.7967e-04	9.9942e-01	3.3856e-09	2.3910e-26	1.6122e-07	1.0594e-02	9.8204e-01	7.3614e-03	1.4909e-06	4.9131e-02	9.5087e-01	1.1755e-36	1.1755e-36	1.1755e-36	4.7551e-35	0.00e+00	0.00e+00	8.3918e-02
2.15964e+19	4.9885e+03	3.260e-22	1.0000e+01	1.0871e+01	1.9843e-18	6.4250e-05	9.9994e-01	5.8031e-04	9.9942e-01	5.2873e-10	2.3582e-26	1.6092e-07	1.0623e-02	9.8230e-01	7.0797e-03	1.5159e-06	4.9677e-02	9.5032e-01	1.1755e-36	1.1755e-36	1.1755e-36	4.4442e-35	0.00e+00	0.00e+00	9.2260e-02
2.37560e+19	4.9682e+03	3.252e-22	1.0000e+01	1.0871e+01	1.9213e-18	6.4280e-05	9.9994e-01	5.8253e-04	9.9942e-01	1.9796e-10	2.3136e-26	1.6157e-07	1.0669e-02	9.8243e-01	6.9018e-03	1.5357e-06	5.0106e-02	9.4989e-01	1.1755e-36	1.1755e-36	1.1755e-36	4.0882e-35	0.00e+00	0.00e+00	1.0144e-01
2.61316e+19	4.9468e+03	3.242e-22	1.0000e+01	1.0871e+01	1.8792e-18	6.4328e-05	9.9994e-01	5.8510e-04	9.9941e-01	7.2382e-11	2.2898e-26	1.6233e-07	1.0721e-02	9.8257e-01	6.7114e-03	1.5581e-06	5.0585e-02	9.4941e-01	1.1755e-36	1.1755e-36	1.1755e-36	3.8315e-35	0.00e+00	0.00e+00	1.1155e-01
2.87448e+19	4.9249e+03	3.232e-22	1.0000e+01	1.0871e+01	1.8787e-18	6.4390e-05	9.9994e-01	5.8802e-04	9.9941e-01	2.5852e-11	2.3098e-26	1.6323e-07	1.0781e-02	9.8271e-01	6.5086e-03	1.5829e-06	5.1117e-02	9.4888e-01	1.1755e-36	1.1755e-36	1.1755e-36	3.7647e-35	0.00e+00	0.00e+00	1.2267e-01
3.16192e+19	4.9032e+03	3.221e-22	1.0000e+01	1.0871e+01	1.8734e-18	6.4463e-05	9.9994e-01	5.9138e-04	9.9941e-01	9.0259e-12	2.3421e-26	1.6432e-07	1.0851e-02	9.8285e-01	6.2944e-03	1.6185e-06	5.1961e-02	9.4804e-01	1.1755e-36	1.1755e-36	1.1755e-36	3.7015e-35	0.00e+00	0.00e+00	1.3493e-01
3.47812e+19	4.8811e+03	3.209e-22	1.0000e+01	1.0871e+01	1.8692e-18	6.4552e-05	9.9994e-01	5.9520e-04	9.9940e-01	3.0861e-12	2.3812e-26	1.6551e-07	1.0927e-02	9.8301e-01	6.0665e-03	1.6585e-06	5.2910e-02	9.4709e-01	1.1755e-36	1.1755e-36	1.1755e-36	3.6469e-35	0.00e+00	0.00e+00	1.4843e-01
3.82593e+19	4.8586e+03	3.197e-22	1.0000e+01	1.0871e+01	1.7899e-18	6.4663e-05	9.9994e-01	5.9954e-04	9.9940e-01	1.0392e-12	2.3524e-26	1.6688e-07	1.1013e-02	9.8316e-01	5.8252e-03	1.7036e-06	5.3974e-02	9.4602e-01	1.1755e-36	1.1755e-36	1.1755e-36	3.2963e-35	0.00e+00	0.00e+00	1.6330e-01
4.20852e+19	4.8360e+03	3.183e-22	1.0000e+01	1.0871e+01	1.7860e-18	6.4798e-05	9.9994e-01	6.0448e-04	9.9940e-01	3.5018e-13	2.4056e-26	1.6845e-07	1.1110e-02	9.8332e-01	5.5709e-03	1.7544e-06	5.5170e-02	9.4483e-01	1.1755e-36	1.1755e-36	1.1755e-36	3.2549e-35	0.00e+00	0.00e+00	1.7969e-01
4.62937e+19	4.8134e+03	3.169e-22	1.0000e+01	1.0871e+01	1.7160e-18	6.4960e-05	9.9994e-01	6.1012e-04	9.9939e-01	1.2294e-13	2.4000e-26	1.7020e-07	1.1217e-02	9.8348e-01	5.3031e-03	1.8123e-06	5.6532e-02	9.4347e-01	1.1755e-36	1.1755e-36	1.1755e-36	2.9711e-35	0.00e+00	0.00e+00	1.9777e-01
5.09231e+19	4.7912e+03	3.154e-22	1.0000e+01	1.0871e+01	1.7095e-18	6.5158e-05	9.9993e-01	6.1654e-04	9.9938e-01	4.8849e-14	2.4705e-26	1.7231e-07	1.1343e-02	9.8363e-01	5.0233e-03	1.8780e-06	5.8060e-02	9.4194e-01	1.1755e-36	1.1755e-36	1.1755e-36	2.9337e-35	0.00e+00	0.00e+00	2.1772e-01
5.60154e+19	4.7699e+03	3.138e-22	1.0000e+01	1.0871e+01	1.6985e-18	6.5393e-05	9.9993e-01	6.2385e-04	9.9938e-01	2.4322e-14	2.5490e-26	1.7474e-07	1.1484e-02	9.8378e-01	4.7325e-03	1.9523e-06	5.9773e-02	9.4022e-01	1.1755e-36	1.1755e-36	1.1755e-36	2.8874e-35	0.00e+00	0.00e+00	2.3974e-01
6.16169e+19	4.7483e+03	3.121e-22	1.0000e+01	1.0871e+01	1.6898e-18	6.5682e-05	9.9993e-01	6.3238e-04	9.9937e-01	1.5501e-14	2.6464e-26	1.7756e-07	1.1647e-02	9.8392e-01	4.4292e-03	2.0388e-06	6.1759e-02	9.3824e-01	1.1755e-36	1.1755e-36	1.1755e-36	2.8539e-35	0.00e+00	0.00e+00	2.6407e-01
6.77786e+19	4.7288e+03	3.103e-22	1.0000e+01	1.0871e+01	1.6789e-18	6.6016e-05	9.9993e-01	6.4212e-04	9.9936e-01	1.1631e-14	2.7613e-26	1.8080e-07	1.1832e-02	9.8405e-01	4.1167e-03	2.1385e-06	6.4030e-02	9.3597e-01	1.1755e-36	1.1755e-36	1.1755e-36	2.8254e-35	0.00e+00	0.00e+00	2.9098e-01
7.45565e+19	4.7117e+03	3.083e-22	1.0000e+01	1.0871e+01	1.5368e-18	6.6403e-05	9.9993e-01	6.5332e-04	9.9935e-01	9.3754e-15	2.7395e-26	1.8452e-07	1.2041e-02	9.8416e-01	3.7960e-03	2.2540e-06	6.6648e-02	9.3335e-01	1.1755e-36	1.1755e-36	1.1755e-36	2.3599e-35	0.00e+00	0.00e+00	3.2074e-01
8.20121e+19	4.6968e+03	3.063e-22	1.0000e+01	1.0870e+01	1.5336e-18	6.6863e-05	9.9993e-01	6.6635e-04	9.9933e-01	7.7220e-15	2.9102e-26	1.8886e-07	1.2283e-02	9.8425e-01	3.4690e-03	2.3897e-06	6.9698e-02	9.3030e-01	1.1755e-36	1.1755e-36	1.1755e-36	2.3813e-35	0.00e+00	0.00e+00	3.5371e-01
9.02134e+19	4.6852e+03	3.041e-22	1.0000e+01	1.0870e+01	1.5214e-18	6.7400e-05	9.9993e-01	6.8151e-04	9.9932e-01	6.3654e-15	3.1075e-26	1.9391e-07	1.2561e-02	9.8430e-01	3.1378e-03	2.5501e-06	7.3272e-02	9.2673e-01	1.1755e-36	1.1755e-36	1.1755e-36	2.3861e-35	0.00e+00	0.00e+00	3.9026e-01
9.92347e+19	4.6780e+03	3.017e-22	1.0000e+01	1.0870e+01	1.5087e-18	6.8024e-05	9.9993e-01	6.9927e-04	9.9930e-01	5.2079e-15	3.3527e-26	1.9983e-07	1.2882e-02	9.8431e-01	2.8057e-03	2.7416e-06	7.7503e-02	9.2249e-01	1.1755e-36	1.1755e-36	1.1755e-36	2.4078e-35	0.00e+00	0.00e+00	4.3084e-01
1.09158e+20	4.6736e+03	2.992e-22	1.0000e+01	1.0870e+01	1.4364e-18	6.8781e-05	9.9993e-01	7.2047e-04	9.9928e-01	4.2110e-15	3.5700e-26	2.0683e-07	1.3263e-02	9.8426e-01	2.4735e-03	2.9772e-06	8.2647e-02	9.1735e-01	1.1755e-36	1.1755e-36	1.1755e-36	2.2445e-35	0.00e+00	0.00e+00	4.7598e-01
1.20074e+20	4.6718e+03	2.967e-22	1.0000e+01	1.0870e+01	1.3932e-18	6.9700e-05	9.9993e-01	7.4590e-04	9.9925e-01	3.3537e-15	3.9078e-26	2.1538e-07	1.3717e-02	9.8414e-01	2.1456e-03	3.2677e-06	8.8900e-02	9.1110e-01	1.1755e-36	1.1755e-36	1.1755e-36	2.1909e-35	0.00e+00	0.00e+00	5.2630e-01
1.32081e+20	4.6848e+03	2.937e-22	1.0000e+01	1.0870e+01	1.3447e-18	7.0689e-05	9.9993e-01	7.7573e-04	9.9922e-01	2.6275e-15	4.3400e-26	2.2526e-07	1.4240e-02	9.8393e-01	1.8291e-03	3.6240e-06	9.6518e-02	9.0348e-01	1.1755e-36	1.1755e-36	1.1755e-36	2.1593e-35	0.00e+00	0.00e+00	5.8243e-01
1.45290e+20	4.7144e+03	2.902e-22	1.0000e+01	1.0870e+01	1.2731e-18	7.1767e-05	9.9993e-01	8.1145e-04	9.9919e-01	2.0179e-15	4.8758e-26	2.3693e-07	1.4854e-02	9.8362e-01	1.5268e-03	4.0706e-06	1.0600e-01	8.9399e-01	1.1755e-36	1.1755e-36	1.1755e-36	2.1030e-35	0.00e+00	0.00e+00	6.4512e-01
1.59818e+20	4.7524e+03	2.865e-22	1.0000e+01	1.0870e+01	1.2615e-18	7.3077e-05	9.9993e-01	8.5590e-04	9.9914e-01	1.5104e-15	5.7833e-26	2.5145e-07	1.5610e-02	9.8315e-01	1.2406e-03	4.6579e-06	1.1827e-01	8.8172e-01	1.1755e-36	1.1755e-36	1.1755e-36	2.3012e-35	0.00e+00	0.00e+00	7.1533e-01
1.75800e+20	4.8072e+03	2.824e-22	1.0000e+01	1.0870e+01	1.2092e-18	7.4591e-05	9.9993e-01	9.1122e-04	9.9909e-01	1.0960e-15	6.9644e-26	2.6930e-07	1.6538e-02	9.8249e-01	9.7568e-04	5.4452e-06	1.3450e-01	8.6550e-01	1.1755e-36	1.1755e-36	1.1755e-36	2.4316e-35	0.00e+00	0.00e+00	7.9417e-01
1.93380e+20	4.8867e+03	2.777e-22	1.0000e+01	1.0869e+01	1.1389e-18	7.6298e-05	9.9992e-01	9.8163e-04	9.9902e-01	7.6523e-16	8.6806e-26	2.9166e-07	1.7694e-02	9.8157e-01	7.3670e-04	6.5340e-06	1.5664e-01	8.4335e-01	1.1755e-36	1.1755e-36	1.1755e-36	2.6087e-35	0.00e+00	0.00e+00	8.8287e-01
2.12718e+20	4.9997e+03	2.721e-22	1.0000e+01	1.0869e+01	1.0989e-18	7.8192e-05	9.9992e-01	1.0729e-03	9.9893e-01	5.0830e-16	1.1595e-25	3.2023e-07	1.9165e-02	9.8031e-01	5.2763e-04	8.1031e-06	1.8812e-01	8.1187e-01	1.1755e-36	1.1755e-36	1.1755e-36	3.1727e-35	0.00e+00	0.00e+00	9.8287e-01
2.31770e+20	5.1229e+03	2.666e-22	1.0000e+01	1.0869e+01	9.7821e-19	8.0023e-05	9.9992e-01	1.1813e-03	9.9882e-01	3.1942e-16	1.4861e-25	3.5274e-07	2.0856e-02	9.7878e-01	3.6878e-04	9.9062e-06	2.2310e-01	7.7689e-01	1.1755e-36	1.1755e-36	1.1755e-36	3.3388e-35	0.00e+00	0.00e+00	1.0730e+00
2.48662e+20	5.2627e+03	2.613e-22	1.0000e+01	1.0868e+01	9.0761e-19	8.1589e-05	9.9992e-01	1.2989e-03	9.9870e-01	2.1401e-16	1.9525e-25	3.8707e-07	2.2642e-02	9.7710e-01	2.6040e-04	1.2052e-05	2.6450e-01	7.3549e-01	1.1755e-36	1.1755e-36	1.1755e-36	3.9895e-35	0.00e+00	0.00e+00	1.1551e+00
2.65631e+20	5.4398e+03	2.552e-22	1.0000e+01	1.0868e+01	8.3031e-19	8.3175e-05	9.9992e-01	1.4446e-03	9.9856e-01	1.4464e-16	2.6673e-25	4.2892e-07	2.4805e-02	9.7502e-01	1.7620e-04	1.4961e-05	3.1995e-01	6.8004e-01	1.1755e-36	1.1755e-36	1.1755e-36	5.0493e-35	0.00e+00	0.00e+00	1.2496e+00
2.82922e+20	5.6653e+03	2.480e-22	1.0000e+01	1.0867e+01	6.6674e-19	8.4370e-05	9.9992e-01	1.6286e-03	9.9837e-01	8.6068e-17	3.5879e-25	4.7808e-07	2.7396e-02	9.7249e-01	1.1385e-04	1.8884e-05	3.9498e-01	6.0500e-01	1.1755e-36	1.1755e-36	1.1755e-36	5.4598e-35	0.00e+00	0.00e+00	1.3379e+00
2.97462e+20	5.9021e+03	2.410e-22	1.0000e+01	1.0867e+01	5.6201e-19	8.4923e-05	9.9992e-01	1.8227e-03	9.9818e-01	5.3166e-17	4.8043e-25	5.2667e-07	3.0031e-02	9.6989e-01	7.5535e-05	2.3222e-05	4.7872e-01	5.2125e-01	1.1755e-36	1.1755e-36	1.1755e-36	6.6406e-35	0.00e+00	0.00e+00	1.4049e+00
3.08385e+20	6.1106e+03	2.353e-22	1.0000e+01	1.0866e+01	4.8336e-19	8.5116e-05	9.9991e-01	2.0034e-03	9.9800e-01	3.7146e-17	6.0390e-25	5.6979e-07	3.2390e-02	9.6756e-01	5.3601e-05	2.7184e-05	5.5542e-01	4.4456e-01	1.1755e-36	1.1755e-36	1.1755e-36	7.7588e-35	0.00e+00	0.00e+00	1.4552e+00
3.17166e+20	6.2903e+03	2.306e-22	1.0000e+01	1.0865e+01	4.2547e-19	8.5276e-05	9.9991e-01	2.1802e-03	9.9782e-01	2.7883e-17	7.2799e-25	6.1055e-07	3.4622e-02	9.6534e-01	3.9561e-05	3.0736e-05	6.2339e-01	3.7658e-01	1.1755e-36	1.1755e-36	1.1755e-36	8.7771e-35	0.00e+00	0.00e+00	1.4994e+00
3.25589e+20	6.4632e+03	2.264e-22	1.0000e+01	1.0865e+01	3.7917e-19	8.5546e-05	9.9991e-01	2.3870e-03	9.9761e-01	2.0748e-17	8.7271e-25	6.5679e-07	3.7144e-02	9.6283e-01	2.8765e-05	3.4333e-05	6.9063e-01	3.0934e-01	1.1755e-36	1.1755e-36	1.1755e-36	9.8917e-35	0.00e+00	0.00e+00	1.5460e+00
3.34743e+20	6.6419e+03	2.223e-22	1.0000e+01	1.0864e+01	3.3249e-19	8.6027e-05	9.9991e-01	2.6684e-03	9.9733e-01	1.4464e-17	1.0536e-24	7.1732e-07	4.0430e-02	9.5955e-01	1.9754e-05	3.8285e-05	7.6194e-01	2.3802e-01	1.1755e-36	1.1755e-36	1.1755e-36	1.0747e-34	0.00e+00	0.00e+00	1.5986e+00
3.44977e+20	6.8167e+03	2.187e-22	1.0000e+01	1.0863e+01	2.9571e-19	8.6902e-05	9.9991e-01	3.0856e-03	9.9691e-01	9.2770e-18	1.3002e-24	8.0237e-07	4.5011e-02	9.5498e-01	1.2518e-05	4.2527e-05	8.3386e-01	1.6610e-01	1.1755e-36	1.1755e-36	1.1755e-36	1.1703e-34	0.00e+00	0.00e+00	1.6578e+00
3.55549e+20	6.9581e+03	2.162e-22	1.0000e+01	1.0863e+01	2.7988e-19	8.8244e-05	9.9991e-01	3.6968e-03	9.9630e-01	5.5981e-18	1.6361e-24	9.1787e-07	5.1186e-02	9.4881e-01	7.5340e-06	4.6508e-05	8.9481e-01	1.0514e-01	1.1755e-36	1.1755e-36	1.1755e-36	1.3337e-34	0.00e+00	0.00e+00	1.7154e+00
3.65724e+20	7.0380e+03	2.153e-22	1.0000e+01	1.0862e+01	2.7764e-19	9.0214e-05	9.9991e-01	4.6027e-03	9.9540e-01	3.3611e-18	2.0618e-24	1.0715e-06	5.9273e-02	9.4072e-01	4.4324e-06	4.9897e-05	9.3734e-01	6.2608e-02	1.1755e-36	1.1755e-36	1.1755e-36	1.4848e-34	0.00e+00	0.00e+00	1.7724e+00
3.73783e+20	7.0937e+03	2.151e-22	1.0000e+01	1.0861e+01	2.7921e-19	9.1852e-05	9.9991e-01	5.7482e-03	9.9425e-01	2.0049e-18	2.5042e-24	1.2377e-06	6.7969e-02	9.3203e-01	2.8814e-06	5.2158e-05	9.6130e-01	3.8651e-02	1.1755e-36	1.1755e-36	1.1755e-36	1.6157e-34	0.00e+00	0.00e+00	1.8079e+00
3.78687e+20	7.1048e+03	2.154e-22	1.0000e+01	1.0859e+01	2.8179e-19	9.3098e-05	9.9991e-01	6.7968e-03	9.9320e-01	1.5928e-18	2.8405e-24	1.3681e-06	7.4887e-02	9.2511e-01	2.1860e-06	5.3461e-05	9.7196e-01	2.7990e-02	1.1755e-36	1.1755e-36	1.1755e-36	1.6582e-34	0.00e+00	0.00e+00	1.8295e+00
3.82047e+20	7.1070e+03	2.158e-22	1.0000e+01	1.0858e+01	2.8698e-19	9.4069e-05	9.9991e-01	7.7565e-03	9.9224e-01	1.3869e-18	3.1227e-24	1.4750e-06	8.0458e-02	9.1954e-01	1.7846e-06	5.4338e-05	9.7775e-01	2.2194e-02	1.1755e-36	1.1755e-36	1.1755e-36	1.7117e-34	0.00e+00	0.00e+00	1.8476e+00
3.85535e+20	7.1047e+03	2.164e-22	1.0000e+01	1.0857e+01	2.9582e-19	9.5211e-05	9.9990e-01	9.0576e-03	9.9094e-01	1.1806e-18	3.4739e-24	1.6043e-06	8.7068e-02	9.1293e-01	1.4176e-06	5.5265e-05	9.8267e-01	1.7276e-02	1.1755e-36	1.1755e-36	1.1755e-36	1.7940e-34	0.00e+00	0.00e+00	1.8713e+00
3.89268e+20	7.0943e+03	2.173e-22	1.0000e+01	1.0856e+01	3.0213e-19	9.6497e-05	9.9990e-01	1.1007e-02	9.8899e-01	8.9646e-19	3.8888e-24	1.7654e-06	9.5320e-02	9.0468e-01	1.1057e-06	5.6228e-05	9.8706e-01	1.2888e-02	1.1755e-36	1.1755e-36	1.1755e-36	1.8223e-34	0.00e+00	0.00e+00	1.8927e+00
3.92260e+20	7.0855e+03	2.180e-22	1.0000e+01	1.0854e+01	3.0684e-19	9.7498e-05	9.9990e-01	1.3308e-02	9.8669e-01	7.2227e-19	4.2820e-24	1.9176e-06	1.0328e-01	8.9671e-01	8.9871e-07	5.6974e-05	9.9004e-01	9.9063e-03	1.1755e-36	1.1755e-36	1.1755e-36	1.8389e-34	0.00e+00	0.00e+00	1.9079e+00
3.94370e+20	7.0718e+03	2.187e-22	1.0000e+01	1.0852e+01	3.1564e-19	9.8314e-05	9.9990e-01	1.5631e-02	9.8437e-01	6.3209e-19	4.6282e-24	2.0448e-06	1.0980e-01	8.9019e-01	7.6770e-07	5.7526e-05	9.9186e-01	8.0776e-03	1.1755e-36	1.1755e-36	1.1755e-36	1.8927e-34	0.00e+00	0.00e+00	1.9188e+00
3.96008e+20	7.0637e+03	2.192e-22	1.0000e+01	1.0850e+01	3.1691e-19	9.8922e-05	9.9990e-01	1.8033e-02	9.8197e-01	5.6905e-19	4.8964e-24	2.1528e-06	1.1539e-01	8.8460e-01	6.7286e-07	5.7944e-05	9.9314e-01	6.8037e-03	1.1755e-36	1.1755e-36	1.1755e-36	1.8762e-34	0.00e+00	0.00e+00	1.9283e+00
3.97505e+20	7.0431e+03	2.200e-22	1.0000e+01	1.0847e+01	3.2306e-19	9.9622e-05	9.9990e-01	2.0931e-02	9.7907e-01	5.0878e-19	5.1858e-24	2.2616e-06	1.2104e-01	8.7895e-01	5.9027e-07	5.8389e-05	9.9421e-01	5.7344e-03	1.1755e-36	1.1755e-36	1.1755e-36	1.8820e-34	0.00e+00	0.00e+00	1.9376e+00
3.98935e+20	7.0368e+03	2.205e-22	1.0000e+01	1.0845e+01	3.2897e-19	1.0016e-04	9.9990e-01	2.4645e-02	9.7536e-01	4.4949e-19	5.4926e-24	2.3740e-06	1.2678e-01	8.7322e-01	5.1770e-07	5.8744e-05	9.9514e-01	4.7966e-03	1.1755e-36	1.1755e-36	1.1755e-36	1.9225e-34	0.00e+00	0.00e+00	1.9463e+00
4.00209e+20	7.0171e+03	2.212e-22	1.0000e+01	1.0841e+01	3.3707e-19	1.0077e-04	9.9990e-01	2.9264e-02	9.7074e-01	3.9722e-19	5.7989e-24	2.4843e-06	1.3245e-01	8.6755e-01	4.5594e-07	5.9120e-05	9.9594e-01	4.0042e-03	1.1755e-36	1.1755e-36	1.1755e-36	1.9510e-34	0.00e+00	0.00e+00	1.9537e+00
4.01259e+20	7.0048e+03	2.218e-22	1.0000e+01	1.0837e+01	3.4228e-19	1.0122e-04	9.9990e-01	3.4548e-02	9.6545e-01	3.5641e-19	6.0622e-24	2.5811e-06	1.3745e-01	8.6254e-01	4.0716e-07	5.9402e-05	9.9656e-01	3.3818e-03	1.1755e-36	1.1755e-36	1.1755e-36	1.9678e-34	0.00e+00	0.00e+00	1.9597e+00
4.02114e+20	6.9842e+03	2.224e-22	1.0000e+01	1.0831e+01	3.4990e-19	1.0167e-04	9.9990e-01	4.0441e-02	9.5956e-01	3.2404e-19	6.3031e-24	2.6650e-06	1.4186e-01	8.5814e-01	3.6759e-07	5.9670e-05	9.9705e-01	2.8911e-03	1.1755e-36	1.1755e-36	1.1755e-36	1.9880e-34	0.00e+00	0.00e+00	1.9647e+00
4.02843e+20	6.9742e+03	2.227e-22	1.0000e+01	1.0825e+01	3.5442e-19	1.0197e-04	9.9990e-01	4.7176e-02	9.5282e-01	2.9631e-19	6.5082e-24	2.7386e-06	1.4571e-01	8.5429e-01	3.3438e-07	5.9855e-05	9.9745e-01	2.4867e-03	1.1755e-36	1.1755e-36	1.1755e-36	2.0034e-34	0.00e+00	0.00e+00	1.9691e+00
4.03492e+20	6.9606e+03	2.232e-22	1.0000e+01	1.0820e+01	3.5959e-19	1.0229e-04	9.9990e-01	5.5268e-02	9.4473e-01	2.7066e-19	6.7040e-24	2.8093e-06	1.4931e-01	8.5069e-01	3.0460e-07	6.0041e-05	9.9781e-01	2.1335e-03	1.1755e-36	1.1755e-36	1.1755e-36	2.0156e-34	0.00e+00	0.00e+00	1.9730e+00
4.04068e+20	6.9461e+03	2.236e-22	1.0000e+01	1.0812e+01	3.6496e-19	1.0257e-04	9.9990e-01	6.5014e-02	9.3499e-01	2.4642e-19	6.8838e-24	2.8725e-06	1.5262e-01	8.4738e-01	2.7794e-07	6.0202e-05	9.9812e-01	1.8230e-03	1.1755e-36	1.1755e-36	1.1755e-36	2.0269e-34	0.00e+00	0.00e+00	1.9765e+00
4.04565e+20	6.9306e+03	2.238e-22	1.0000e+01	1.0800e+01	3.6986e-19	1.0277e-04	9.9990e-01	7.6406e-02	9.2359e-01	2.2368e-19	7.0337e-24	2.9249e-06	1.5552e-01	8.4448e-01	2.5456e-07	6.0316e-05	9.9838e-01	1.5566e-03	1.1755e-36	1.1755e-36	1.1755e-36	2.0288e-34	0.00e+00	0.00e+00	1.9795e+00
4.04989e+20	6.9198e+03	2.240e-22	1.0000e+01	1.0792e+01	3.7393e-19	1.0294e-04	9.9990e-01	8.9615e-02	9.1039e-01	2.0454e-19	7.1702e-24	2.9736e-06	1.5804e-01	8.4196e-01	2.3405e-07	6.0416e-05	9.9861e-01	1.3297e-03	1.1755e-36	1.1755e-36	1.1755e-36	2.0367e-34	0.00e+00	0.00e+00	1.9820e+00
4.05354e+20	6.9040e+03	2.241e-22	1.0000e+01	1.0777e+01	3.7878e-19	1.0308e-04	9.9990e-01	1.0489e-01	8.9511e-01	1.8634e-19	7.2834e-24	3.0124e-06	1.6024e-01	8.3976e-01	2.1571e-07	6.0491e-05	9.9881e-01	1.1345e-03	1.1755e-36	1.1755e-36	1.1755e-36	2.0364e-34	0.00e+00	0.00e+00	1.9842e+00
4.05674e+20	6.8936e+03	2.240e-22	1.0000e+01	1.0765e+01	3.8195e-19	1.0316e-04	9.9990e-01	1.2268e-01	8.7732e-01	1.6972e-19	7.3778e-24	3.0465e-06	1.6211e-01	8.3788e-01	1.9913e-07	6.0532e-05	9.9897e-01	9.6445e-04	1.1755e-36	1.1755e-36	1.1755e-36	2.0357e-34	0.00e+00	0.00e+00	1.9862e+00
4.05955e+20	6.8746e+03	2.239e-22	1.0000e+01	1.0746e+01	3.8733e-19	1.0325e-04	9.9990e-01	1.4359e-01	8.5641e-01	1.5318e-19	7.4598e-24	3.0739e-06	1.6378e-01	8.3621e-01	1.8375e-07	6.0566e-05	9.9912e-01	8.1508e-04	1.1755e-36	1.1755e-36	1.1755e-36	2.0301e-34	0.00e+00	0.00e+00	1.9879e+00
4.06203e+20	6.8683e+03	2.235e-22	1.0000e+01	1.0729e+01	3.8861e-19	1.0319e-04	9.9990e-01	1.6792e-01	8.3208e-01	1.3802e-19	7.5139e-24	3.0952e-06	1.6511e-01	8.3488e-01	1.6975e-07	6.0537e-05	9.9925e-01	6.8464e-04	1.1755e-36	1.1755e-36	1.1755e-36	2.0215e-34	0.00e+00	0.00e+00	1.9894e+00
4.06423e+20	6.8504e+03	2.231e-22	1.0000e+01	1.0707e+01	3.9360e-19	1.0320e-04	9.9990e-01	1.9632e-01	8.0368e-01	1.2328e-19	7.5692e-24	3.1131e-06	1.6633e-01	8.3367e-01	1.5655e-07	6.0529e-05	9.9937e-01	5.7101e-04	1.1755e-36	1.1755e-36	1.1755e-36	2.0149e-34	0.00e+00	0.00e+00	1.9907e+00
4.06617e+20	6.8386e+03	2.223e-22	1.0000e+01	1.0681e+01	3.9552e-19	1.0308e-04	9.9990e-01	2.2901e-01	7.7099e-01	1.0912e-19	7.5914e-24	3.1235e-06	1.6724e-01	8.3276e-01	1.4440e-07	6.0454e-05	9.9947e-01	4.7297e-04	1.1755e-36	1.1755e-36	1.1755e-36	1.9951e-34	0.00e+00	0.00e+00	1.9919e+00
4.06790e+20	6.8156e+03	2.214e-22	1.0000e+01	1.0644e+01	4.0047e-19	1.0297e-04	9.9990e-01	2.6674e-01	7.3326e-01	9.4924e-20	7.6033e-24	3.1284e-06	1.6800e-01	8.3200e-01	1.3288e-07	6.0365e-05	9.9955e-01	3.8863e-04	1.1755e-36	1.1755e-36	1.1755e-36	1.9699e-34	0.00e+00	0.00e+00	1.9930e+00
4.06947e+20	6.8058e+03	2.200e-22	1.0000e+01	1.0607e+01	4.0115e-19	1.0268e-04	9.9990e-01	3.0994e-01	6.9006e-01	8.1648e-20	7.5861e-24	3.1259e-06	1.6846e-01	8.3154e-01	1.1755e-36	6.0196e-05	9.9962e-01	3.1609e-04	1.1755e-36	1.1755e-36	1.1755e-36	1.9429e-34	0.00e+00	0.00e+00	1.9940e+00
4.07092e+20	6.7832e+03	2.187e-22	1.0000e+01	1.0565e+01	4.0534e-19	1.0249e-04	9.9990e-01	3.5988e-01	6.4012e-01	6.8843e-20	7.5738e-24	3.1236e-06	1.6891e-01	8.3109e-01	1.1755e-36	6.0061e-05	9.9969e-01	2.5390e-04	1.1755e-36	1.1755e-36	1.1755e-36	1.9117e-34	0.00e+00	0.00e+00	1.9949e+00
4.07225e+20	6.7705e+03	2.168e-22	1.0000e+01	1.0525e+01	4.0673e-19	1.0219e-04	9.9990e-01	4.1669e-01	5.8331e-01	5.7002e-20	7.5474e-24	3.1167e-06	1.6916e-01	8.3084e-01	1.1755e-36	5.9878e-05	9.9974e-01	2.0104e-04	1.1755e-36	1.1755e-36	1.1755e-36	1.8859e-34	0.00e+00	0.00e+00	1.9957e+00
4.07351e+20	6.7458e+03	2.146e-22	1.0000e+01	1.0465e+01	4.0917e-19	1.0181e-04	9.9990e-01	4.8044e-01	5.1956e-01	4.5102e-20	7.4841e-24	3.1010e-06	1.6920e-01	8.3080e-01	1.1755e-36	5.9630e-05	9.9978e-01	1.5696e-04	1.1755e-36	1.1755e-36	1.1755e-36	1.8303e-34	0.00e+00	0.00e+00	1.9965e+00
4.07473e+20	6.7192e+03	2.123e-22	1.0000e+01	1.0415e+01	4.1564e-19	1.0155e-04	9.9990e-01	5.5174e-01	4.4826e-01	3.4566e-20	7.4585e-24	3.0902e-06	1.6932e-01	8.3067e-01	1.1755e-36	5.9446e-05	9.9982e-01	1.2010e-04	1.1755e-36	1.1755e-36	1.1755e-36	1.8081e-34	0.00e+00	0.00e+00	1.9973e+00
4.07611e+20	6.6892e+03	2.089e-22	1.0000e+01	1.0334e+01	4.1761e-19	1.0100e-04	9.9990e-01	6.4023e-01	3.5977e-01	2.4090e-20	7.3561e-24	3.0621e-06	1.6904e-01	8.3095e-01	1.1755e-36	5.9091e-05	9.9985e-01	8.6205e-05	1.1755e-36	1.1755e-36	1.1755e-36	1.7354e-34	0.00e+00	0.00e+00	1.9983e+00
4.07763e+20	6.6530e+03	2.053e-22	1.0000e+01	1.0250e+01	4.2302e-19	1.0049e-04	9.9990e-01	7.3891e-01	2.6109e-01	1.4095e-20	7.2666e-24	3.0342e-06	1.6875e-01	8.3125e-01	1.1755e-36	5.8750e-05	9.9988e-01	5.7856e-05	1.1755e-36	1.1755e-36	1.1755e-36	1.6760e-34	0.00e+00	0.00e+00	1.9992e+00
4.07907e+20	6.6194e+03	2.022e-22	1.0000e+01	1.0184e+01	4.3114e-19	1.0018e-04	9.9990e-01	8.2410e-01	1.7590e-01	7.8011e-21	7.2201e-24	3.0151e-06	1.6858e-01	8.3142e-01	1.1755e-36	5.8524e-05	9.9990e-01	3.8528e-05	1.1755e-36	1.1755e-36	1.1755e-36	1.6465e-34	0.00e+00	0.00e+00	2.0001e+00
4.08071e+20	6.5921e+03	1.992e-22	1.0000e+01	1.0118e+01	4.3441e-19	9.9856e-05	9.9990e-01	8.9659e-01	1.0341e-01	3.7037e-21	7.1483e-24	2.9935e-06	1.6825e-01	8.3175e-01	1.1755e-36	5.8288e-05	9.9992e-01	2.4164e-05	1.1755e-36	1.1755e-36	1.1755e-36	1.5960e-34	0.00e+00	0.00e+00	2.0013e+00
4.08283e+20	6.5706e+03	1.968e-22	1.0000e+01	1.0063e+01	4.3734e-19	9.9667e-05	9.9990e-01	9.5245e-01	4.7555e-02	1.2367e-21	7.0997e-24	2.9786e-06	1.6799e-01	8.3201e-01	1.1755e-36	5.8132e-05	9.9993e-01	1.3183e-05	1.1755e-36	1.1755e-36	1.1755e-36	1.5584e-34	0.00e+00	0.00e+00	2.0028e+00
4.08560e+20	6.5544e+03	1.955e-22	1.0000e+01	1.0027e+01	4.3756e-19	9.9690e-05	9.9990e-01	9.8363e-01	1.6374e-02	2.7691e-22	7.0684e-24	2.9716e-06	1.6789e-01	8.3211e-01	1.1755e-36	5.8098e-05	9.9994e-01	6.0591e-06	1.1755e-36	1.1755e-36	1.1755e-36	1.5167e-34	0.00e+00	0.00e+00	2.0047e+00
4.08920e+20	6.5505e+03	1.950e-22	1.0000e+01	1.0015e+01	4.3874e-19	9.9897e-05	9.9990e-01	9.9571e-01	4.2915e-03	4.1676e-23	7.0870e-24	2.9733e-06	1.6797e-01	8.3203e-01	1.1755e-36	5.8185e-05	9.9994e-01	2.2669e-06	1.1755e-36	1.1755e-36	1.1755e-36	1.5118e-34	0.00e+00	0.00e+00	2.0073e+00
4.09387e+20	6.5514e+03	1.950e-22	1.0000e+01	1.0010e+01	4.3995e-19	1.0019e-04	9.9990e-01	9.9895e-01	1.0452e-03	4.9731e-24	7.1238e-24	2.9785e-06	1.6814e-01	8.3186e-01	1.1755e-36	5.8322e-05	9.9994e-01	6.6490e-07	1.1755e-36	1.1755e-36	1.1755e-36	1.5178e-34	0.00e+00	0.00e+00	2.0106e+00
4.09995e+20	6.5550e+03	1.951e-22	1.0000e+01	1.0008e+01	4.4082e-19	1.0053e-04	9.9990e-01	9.9957e-01	4.3125e-04	8.2078e-25	7.1719e-24	2.9869e-06	1.6837e-01	8.3162e-01	1.1755e-36	5.8495e-05	9.9994e-01	1.4681e-07	1.1755e-36	1.1755e-36	1.1755e-36	1.5275e-34	0.00e+00	0.00e+00	2.0150e+00
4.10785e+20	6.5576e+03	1.953e-22	1.0000e+01	1.0012e+01	4.4135e-19	1.0102e-04	9.9990e-01	9.9967e-01	3.2545e-04	1.9044e-25	7.2355e-24	3.0006e-06	1.6880e-01	8.3120e-01	1.1755e-36	5.8743e-05	9.9994e-01	2.3532e-08	1.1755e-36	1.1755e-36	1.1755e-36	1.5325e-34	0.00e+00	0.00e+00	2.0207e+00
4.11812e+20	6.5597e+03	1.956e-22	1.0000e+01	1.0013e+01	4.4340e-19	1.0157e-04	9.9990e-01	9.9972e-01	2.8263e-04	1.1755e-36	7.3161e-24	3.0153e-06	1.6931e-01	8.3069e-01	1.1755e-36	5.9020e-05	9.9994e-01	2.6510e-09	1.1755e-36	1.1755e-36	1.1755e-36	1.5476e-34	0.00e+00	0.00e+00	2.0282e+00
4.13147e+20	6.5670e+03	1.957e-22	1.0000e+01	1.0013e+01	4.3797e-19	1.0217e-04	9.9990e-01	9.9975e-01	2.4994e-04	1.1755e-36	7.3712e-24	3.0328e-06	1.6990e-01	8.3010e-01	1.1755e-36	5.9333e-05	9.9994e-01	2.0112e-10	1.1755e-36	1.1755e-36	1.1755e-36	1.5191e-34	0.00e+00	0.00e+00	2.0379e+00
4.14883e+20	6.5696e+03	1.961e-22	1.0000e+01	1.0013e+01	4.4281e-19	1.0297e-04	9.9990e-01	9.9978e-01	2.2067e-04	1.1755e-36	7.5046e-24	3.0564e-06	1.7077e-01	8.2923e-01	1.1755e-36	5.9746e-05	9.9994e-01	9.5640e-12	1.1755e-36	1.1755e-36	1.1755e-36	1.5505e-34	0.00e+00	0.00e+00	2.0506e+00
4.17140e+20	6.5792e+03	1.963e-22	1.0000e+01	1.0013e+01	4.3448e-19	1.0390e-04	9.9990e-01	9.9980e-01	1.9761e-04	1.1755e-36	7.5951e-24	3.0845e-06	1.7182e-01	8.2818e-01	1.1755e-36	6.0237e-05	9.9994e-01	2.5173e-13	1.1755e-36	1.1755e-36	1.1755e-36	1.5043e-34	0.00e+00	0.00e+00	2.0674e+00
4.20073e+20	6.5851e+03	1.968e-22	1.0000e+01	1.0013e+01	4.3767e-19	1.0513e-04	9.9989e-01	9.9982e-01	1.7632e-04	1.1755e-36	7.7892e-24	3.1232e-06	1.7329e-01	8.2670e-01	1.1755e-36	6.0887e-05	9.9994e-01	2.9922e-15	1.1755e-36	1.1755e-36	1.1755e-36	1.5250e-34	0.00e+00	0.00e+00	2.0894e+00
4.23887e+20	6.6001e+03	1.972e-22	1.0000e+01	1.0013e+01	4.2504e-19	1.0667e-04	9.9989e-01	9.9984e-01	1.6088e-04	1.1755e-36	7.9530e-24	3.1703e-06	1.7515e-01	8.2485e-01	1.1755e-36	6.1705e-05	9.9994e-01	1.2072e-17	1.1755e-36	1.1755e-36	1.1755e-36	1.4549e-34	0.00e+00	0.00e+00	2.1184e+00
4.28844e+20	6.6094e+03	1.980e-22	1.0000e+01	1.0013e+01	4.3329e-19	1.0877e-04	9.9989e-01	9.9985e-01	1.4517e-04	1.1755e-36	8.3143e-24	3.2385e-06	1.7776e-01	8.2224e-01	1.1755e-36	6.2823e-05	9.9994e-01	1.1390e-20	1.1755e-36	1.1755e-36	1.1755e-36	1.5041e-34	0.00e+00	0.00e+00	2.1569e+00
4.35289e+20	6.6296e+03	1.988e-22	1.0000e+01	1.0013e+01	4.1853e-19	1.1152e-04	9.9989e-01	9.9987e-01	1.3471e-04	1.1755e-36	8.6623e-24	3.3234e-06	1.8116e-01	8.1884e-01	1.1755e-36	6.4297e-05	9.9994e-01	3.3820e-24	1.1755e-36	1.1755e-36	1.1755e-36	1.4175e-34	0.00e+00	0.00e+00	2.2082e+00
4.43668e+20	6.6540e+03	1.999e-22	1.0000e+01	1.0013e+01	4.2711e-19	1.1521e-04	9.9988e-01	9.9988e-01	1.2297e-04	1.1755e-36	9.3244e-24	3.4443e-06	1.8579e-01	8.1421e-01	1.1755e-36	6.6292e-05	9.9993e-01	9.8125e-25	1.1755e-36	1.1755e-36	1.1755e-36	1.4785e-34	0.00e+00	0.00e+00	2.2771e+00
4.54560e+20	6.6826e+03	2.016e-22	1.0000e+01	1.0013e+01	4.0960e-19	1.2047e-04	9.9988e-01	9.9988e-01	1.1546e-04	1.1755e-36	1.0105e-23	3.6033e-06	1.9221e-01	8.0779e-01	1.1755e-36	6.9128e-05	9.9993e-01	1.1820e-24	1.1755e-36	1.1755e-36	1.1755e-36	1.3662e-34	0.00e+00	0.00e+00	2.3707e+00
4.68719e+20	6.7245e+03	2.038e-22	1.0000e+01	1.0013e+01	4.1793e-19	1.2788e-04	9.9987e-01	9.9989e-01	1.0734e-04	1.1755e-36	1.1520e-23	3.8309e-06	2.0114e-01	7.9885e-01	1.1755e-36	7.3161e-05	9.9993e-01	1.7224e-24	1.1755e-36	1.1755e-36	1.1755e-36	1.4243e-34	0.00e+00	0.00e+00	2.5000e+00
4.87127e+20	6.7835e+03	2.068e-22	1.0000e+01	1.0012e+01	4.1936e-19	1.3880e-04	9.9986e-01	9.9990e-01	1.0019e-04	1.1755e-36	1.3744e-23	4.1577e-06	2.1392e-01	7.8607e-01	1.1755e-36	7.9168e-05	9.9992e-01	2.9091e-24	1.1755e-36	1.1755e-36	1.1755e-36	1.4440e-34	0.00e+00	0.00e+00	2.6823e+00
5.11057e+20	6.8642e+03	2.112e-22	1.0000e+01	1.0012e+01	4.5358e-19	1.5579e-04	9.9984e-01	9.9991e-01	9.2403e-05	1.1755e-36	1.7989e-23	4.6477e-06	2.3289e-01	7.6711e-01	1.1755e-36	8.8660e-05	9.9991e-01	5.8751e-24	1.1755e-36	1.1755e-36	1.1755e-36	1.6902e-34	0.00e+00	0.00e+00	2.9484e+00
5.42165e+20	6.9798e+03	2.178e-22	1.0000e+01	1.0012e+01	5.2000e-19	1.8424e-04	9.9982e-01	9.9992e-01	8.3782e-05	1.1755e-36	2.6845e-23	5.4171e-06	2.6239e-01	7.3761e-01	1.1755e-36	1.0499e-04	9.9989e-01	1.5621e-23	1.1755e-36	1.1755e-36	1.1755e-36	2.2210e-34	0.00e+00	0.00e+00	3.3574e+00
5.74189e+20	7.1278e+03	2.267e-22	1.0000e+01	1.0011e+01	6.2795e-19	2.2623e-04	9.9977e-01	9.9993e-01	7.4679e-05	1.1755e-36	4.3957e-23	6.4028e-06	2.9994e-01	7.0005e-01	1.1755e-36	1.2997e-04	9.9987e-01	5.2156e-23	1.1755e-36	1.1755e-36	1.1755e-36	3.2693e-34	0.00e+00	0.00e+00	3.7699e+00
5.98134e+20	7.2618e+03	2.352e-22	1.0000e+01	1.0011e+01	7.7985e-19	2.7298e-04	9.9973e-01	9.9993e-01	6.6714e-05	1.1755e-36	6.9660e-23	7.3367e-06	3.3557e-01	6.6442e-01	1.1755e-36	1.5914e-04	9.9984e-01	1.4868e-22	1.1755e-36	1.1755e-36	1.1755e-36	5.0507e-34	0.00e+00	0.00e+00	4.0975e+00
6.14537e+20	7.3616e+03	2.420e-22	1.0000e+01	1.0010e+01	9.7912e-19	3.1723e-04	9.9968e-01	9.9994e-01	6.0478e-05	1.1755e-36	1.0182e-22	8.1246e-06	3.6516e-01	6.3484e-01	1.1755e-36	1.8807e-04	9.9981e-01	3.1645e-22	1.1755e-36	1.1755e-36	1.1755e-36	7.8232e-34	0.00e+00	0.00e+00	4.3738e+00
6.27820e+20	7.4481e+03	2.480e-22	1.0000e+01	1.0010e+01	1.1996e-18	3.6328e-04	9.9964e-01	9.9994e-01	5.5095e-05	1.1755e-36	1.4378e-22	8.8612e-06	3.9291e-01	6.0708e-01	1.1755e-36	2.1954e-04	9.9978e-01	5.9871e-22	1.1755e-36	1.1755e-36	1.1755e-36	1.1564e-33	0.00e+00	0.00e+00	4.6667e+00
6.42502e+20	7.5445e+03	2.552e-22	1.0000e+01	1.0009e+01	1.5933e-18	4.2906e-04	9.9957e-01	9.9995e-01	4.8062e-05	1.1755e-36	2.2158e-22	9.8087e-06	4.2853e-01	5.7146e-01	1.1755e-36	2.6668e-04	9.9973e-01	1.1975e-21	1.1755e-36	1.1755e-36	1.1755e-36	1.9700e-33	0.00e+00	0.00e+00	5.1163e+00
6.57675e+20	7.6627e+03	2.640e-22	1.0000e+01	1.0008e+01	2.3219e-18	5.2441e-04	9.9948e-01	9.9996e-01	3.8166e-05	1.1755e-36	3.7379e-22	1.0912e-05	4.7057e-01	5.2942e-01	1.1755e-36	3.3882e-04	9.9966e-01	2.7298e-21	1.1755e-36	1.1755e-36	1.1755e-36	3.9856e-33	0.00e+00	0.00e+00	5.5715e+00
6.70415e+20	7.7702e+03	2.727e-22	1.0000e+01	1.0007e+01	3.8120e-18	6.4209e-04	9.9936e-01	9.9997e-01	2.8672e-05	1.1755e-36	6.4567e-22	1.2016e-05	5.1262e-01	4.8737e-01	1.1755e-36	4.3346e-04	9.9957e-01	5.6459e-21	1.1755e-36	1.1755e-36	1.1755e-36	9.8241e-33	0.00e+00	0.00e+00	6.0470e+00
6.80913e+20	7.8657e+03	2.810e-22	1.0000e+01	1.0005e+01	6.4778e-18	7.8306e-04	9.9922e-01	9.9998e-01	2.0358e-05	1.1755e-36	1.1129e-21	1.3076e-05	5.5266e-01	4.4732e-01	1.1755e-36	5.5360e-04	9.9945e-01	1.0573e-20	1.1755e-36	1.1755e-36	1.1755e-36	2.5631e-32	0.00e+00	0.00e+00	6.5051e+00
6.89054e+20	7.9505e+03	2.883e-22	1.0000e+01	1.0004e+01	1.1590e-17	9.3886e-04	9.9906e-01	9.9999e-01	1.3341e-05	1.1755e-36	1.8805e-21	1.3994e-05	5.8787e-01	4.1212e-01	1.1755e-36	6.9365e-04	9.9931e-01	1.8191e-20	1.1755e-36	1.1755e-36	1.1755e-36	7.3685e-32	0.00e+00	0.00e+00	6.9210e+00
6.95323e+20	8.0143e+03	2.947e-22	1.0000e+01	1.0002e+01	2.3840e-17	1.1043e-03	9.9890e-01	9.9999e-01	7.0854e-06	1.1755e-36	3.2388e-21	1.4774e-05	6.1813e-01	3.8186e-01	1.1755e-36	8.4893e-04	9.9915e-01	2.7085e-20	1.1755e-36	1.1755e-36	1.1755e-36	2.7446e-31	0.00e+00	0.00e+00	7.3059e+00
7.00426e+20	8.0692e+03	3.003e-22	1.0000e+01	9.9998e+00	3.8669e-17	1.2835e-03	9.9872e-01	1.0000e+00	4.8060e-06	1.1755e-36	5.1175e-21	1.5468e-05	6.4510e-01	3.5489e-01	1.1755e-36	1.0235e-03	9.9898e-01	3.7907e-20	1.1755e-36	1.1755e-36	1.1755e-36	6.6481e-31	0.00e+00	0.00e+00	7.6856e+00
7.04840e+20	8.1176e+03	3.056e-22	1.0000e+01	9.9977e+00	6.1086e-17	1.4871e-03	9.9851e-01	1.0000e+00	3.2912e-06	1.1755e-36	7.9970e-21	1.6119e-05	6.7037e-01	3.2962e-01	1.1755e-36	1.2285e-03	9.9877e-01	5.0692e-20	1.1755e-36	1.1755e-36	1.1755e-36	1.5301e-30	0.00e+00	0.00e+00	8.0746e+00
7.08716e+20	8.1601e+03	3.108e-22	1.0000e+01	9.9955e+00	9.1011e-17	1.7220e-03	9.9828e-01	1.0000e+00	2.4169e-06	1.1755e-36	1.2168e-20	1.6743e-05	6.9428e-01	3.0570e-01	1.1755e-36	1.4719e-03	9.9853e-01	6.5081e-20	1.1755e-36	1.1755e-36	1.1755e-36	3.1350e-30	0.00e+00	0.00e+00	8.4668e+00
7.12045e+20	8.1976e+03	3.156e-22	1.0000e+01	9.9929e+00	1.3324e-16	1.9868e-03	9.9801e-01	1.0000e+00	1.7920e-06	1.1755e-36	1.8235e-20	1.7306e-05	7.1634e-01	2.8365e-01	1.1755e-36	1.7535e-03	9.9825e-01	8.0801e-20	1.1755e-36	1.1755e-36	1.1755e-36	6.1931e-30	0.00e+00	0.00e+00	8.8495e+00
7.14856e+20	8.2290e+03	3.201e-22	1.0000e+01	9.9900e+00	1.8797e-16	2.2778e-03	9.9772e-01	1.0000e+00	1.3820e-06	1.1755e-36	2.6499e-20	1.7813e-05	7.3627e-01	2.6371e-01	1.1755e-36	2.0699e-03	9.9793e-01	9.6479e-20	1.1755e-36	1.1755e-36	1.1755e-36	1.1356e-29	0.00e+00	0.00e+00	9.2193e+00
7.17251e+20	8.2549e+03	3.242e-22	1.0000e+01	9.9868e+00	2.5788e-16	2.5966e-03	9.9740e-01	1.0000e+00	1.1019e-06	1.1755e-36	3.7529e-20	1.8273e-05	7.5438e-01	2.4561e-01	1.1755e-36	2.4232e-03	9.9758e-01	1.1136e-19	1.1755e-36	1.1755e-36	1.1755e-36	1.9671e-29	0.00e+00	0.00e+00	9.5830e+00
7.19341e+20	8.2762e+03	3.281e-22	1.0000e+01	9.9832e+00	3.4779e-16	2.9517e-03	9.9705e-01	1.0000e+00	8.9748e-07	1.1755e-36	5.2276e-20	1.8698e-05	7.7115e-01	2.2883e-01	1.1755e-36	2.8229e-03	9.9718e-01	1.2497e-19	1.1755e-36	1.1755e-36	1.1755e-36	3.2829e-29	0.00e+00	0.00e+00	9.9487e+00
7.21195e+20	8.2898e+03	3.321e-22	1.0000e+01	9.9799e+00	4.6202e-16	3.3532e-03	9.9665e-01	1.0000e+00	7.5461e-07	1.1755e-36	7.1792e-20	1.9130e-05	7.8694e-01	2.1304e-01	1.1755e-36	3.2812e-03	9.9672e-01	1.3380e-19	1.1755e-36	1.1755e-36	1.1755e-36	5.2731e-29	0.00e+00	0.00e+00	1.0318e+01
7.22836e+20	8.3052e+03	3.357e-22	1.0000e+01	9.9758e+00	6.1278e-16	3.8040e-03	9.9620e-01	1.0000e+00	6.2925e-07	1.1755e-36	9.8166e-20	1.9498e-05	8.0166e-01	1.9832e-01	1.1755e-36	3.8025e-03	9.9620e-01	1.4458e-19	1.1755e-36	1.1755e-36	1.1755e-36	8.4573e-29	0.00e+00	0.00e+00	1.0688e+01
7.24282e+20	8.3144e+03	3.393e-22	1.0000e+01	9.9710e+00	8.0864e-16	4.3085e-03	9.9569e-01	1.0000e+00	5.2982e-07	1.1755e-36	1.3302e-19	1.9842e-05	8.1536e-01	1.8462e-01	1.1755e-36	4.3917e-03	9.9561e-01	1.5076e-19	1.1755e-36	1.1755e-36	1.1755e-36	1.3345e-28	0.00e+00	0.00e+00	1.1055e+01
7.25555e+20	8.3198e+03	3.427e-22	1.0000e+01	9.9655e+00	1.0595e-15	4.8707e-03	9.9513e-01	1.0000e+00	4.5085e-07	1.1755e-36	1.7852e-19	2.0161e-05	8.2808e-01	1.7190e-01	1.1755e-36	5.0544e-03	9.9495e-01	1.5387e-19	1.1755e-36	1.1755e-36	1.1755e-36	2.0688e-28	0.00e+00	0.00e+00	1.1423e+01
7.26685e+20	8.3213e+03	3.461e-22	1.0000e+01	9.9594e+00	1.3821e-15	5.5008e-03	9.9450e-01	1.0000e+00	3.8677e-07	1.1755e-36	2.3788e-19	2.0460e-05	8.3998e-01	1.6000e-01	1.1755e-36	5.8028e-03	9.9420e-01	1.5368e-19	1.1755e-36	1.1755e-36	1.1755e-36	3.1651e-28	0.00e+00	0.00e+00	1.1793e+01
7.27697e+20	8.3196e+03	3.493e-22	1.0000e+01	9.9525e+00	1.8005e-15	6.2121e-03	9.9379e-01	1.0000e+00	3.3372e-07	1.1755e-36	3.1576e-19	2.0741e-05	8.5118e-01	1.4880e-01	1.1755e-36	6.6532e-03	9.9335e-01	1.5064e-19	1.1755e-36	1.1755e-36	1.1755e-36	4.8086e-28	0.00e+00	0.00e+00	1.2169e+01
7.28606e+20	8.3142e+03	3.526e-22	1.0000e+01	9.9448e+00	2.3457e-15	7.0186e-03	9.9298e-01	1.0000e+00	2.8910e-07	1.1755e-36	4.1800e-19	2.1006e-05	8.6175e-01	1.3823e-01	1.1755e-36	7.6228e-03	9.9238e-01	1.4470e-19	1.1755e-36	1.1755e-36	1.1755e-36	7.2662e-28	0.00e+00	0.00e+00	1.2550e+01
7.29423e+20	8.3032e+03	3.558e-22	1.0000e+01	9.9360e+00	3.0628e-15	7.9362e-03	9.9206e-01	1.0000e+00	2.5130e-07	1.1755e-36	5.5249e-19	2.1257e-05	8.7175e-01	1.2823e-01	1.1755e-36	8.7309e-03	9.9127e-01	1.3504e-19	1.1755e-36	1.1755e-36	1.1755e-36	1.0945e-27	0.00e+00	0.00e+00	1.2937e+01
7.30158e+20	8.2897e+03	3.589e-22	1.0000e+01	9.9261e+00	4.0022e-15	8.9808e-03	9.9102e-01	1.0000e+00	2.1913e-07	1.1755e-36	7.2924e-19	2.1494e-05	8.8118e-01	1.1880e-01	1.1755e-36	9.9979e-03	9.9000e-01	1.2481e-19	1.1755e-36	1.1755e-36	1.1755e-36	1.6437e-27	0.00e+00	0.00e+00	1.3332e+01
7.30822e+20	8.2710e+03	3.621e-22	1.0000e+01	9.9147e+00	5.2531e-15	1.0180e-02	9.8982e-01	1.0000e+00	1.9137e-07	1.1755e-36	9.6336e-19	2.1718e-05	8.9014e-01	1.0984e-01	1.1755e-36	1.1457e-02	9.8854e-01	1.1272e-19	1.1755e-36	1.1755e-36	1.1755e-36	2.4704e-27	0.00e+00	0.00e+00	1.3738e+01
7.31425e+20	8.2475e+03	3.652e-22	1.0000e+01	9.9015e+00	6.9391e-15	1.1570e-02	9.8843e-01	1.0000e+00	1.6717e-07	1.1755e-36	1.2765e-18	2.1933e-05	8.9868e-01	1.0130e-01	1.1755e-36	1.3153e-02	9.8685e-01	9.9926e-20	1.1755e-36	1.1755e-36	1.1755e-36	3.7278e-27	0.00e+00	0.00e+00	1.4158e+01
7.31976e+20	8.2184e+03	3.684e-22	1.0000e+01	9.8862e+00	9.2511e-15	1.3198e-02	9.8680e-01	1.0000e+00	1.4583e-07	1.1755e-36	1.7009e-18	2.2138e-05	9.0688e-01	9.3101e-02	1.1755e-36	1.5145e-02	9.8486e-01	8.6912e-20	1.1755e-36	1.1755e-36	1.1755e-36	5.6685e-27	0.00e+00	0.00e+00	1.4597e+01
7.32481e+20	8.1833e+03	3.716e-22	1.0000e+01	9.8681e+00	1.2484e-14	1.5130e-02	9.8487e-01	1.0000e+00	1.2684e-07	1.1755e-36	2.2851e-18	2.2334e-05	9.1478e-01	8.5201e-02	1.1755e-36	1.7513e-02	9.8249e-01	7.4476e-20	1.1755e-36	1.1755e-36	1.1755e-36	8.7218e-27	0.00e+00	0.00e+00	1.5059e+01
7.32947e+20	8.1409e+03	3.749e-22	1.0000e+01	9.8465e+00	1.7127e-14	1.7463e-02	9.8254e-01	1.0000e+00	1.0983e-07	1.1755e-36	3.1067e-18	2.2523e-05	9.2244e-01	7.7535e-02	1.1755e-36	2.0375e-02	9.7963e-01	6.2997e-20	1.1755e-36	1.1755e-36	1.1755e-36	1.3649e-26	0.00e+00	0.00e+00	1.5554e+01
7.33381e+20	8.0943e+03	3.777e-22	1.0000e+01	9.8140e+00	2.3929e-14	2.0322e-02	9.7968e-01	1.0000e+00	9.4354e-08	1.1755e-36	4.2876e-18	2.2660e-05	9.2989e-01	7.0088e-02	1.1755e-36	2.3888e-02	9.7611e-01	5.3486e-20	1.1755e-36	1.1755e-36	1.1755e-36	2.1810e-26	0.00e+00	0.00e+00	1.6092e+01
7.33789e+20	8.0345e+03	3.806e-22	1.0000e+01	9.7719e+00	3.4535e-14	2.3960e-02	9.7604e-01	1.0000e+00	8.0160e-08	1.1755e-36	6.0652e-18	2.2816e-05	9.3728e-01	6.2702e-02	1.1755e-36	2.8361e-02	9.7164e-01	4.4669e-20	1.1755e-36	1.1755e-36	1.1755e-36	3.6081e-26	0.00e+00	0.00e+00	1.6693e+01
7.34173e+20	7.9625e+03	3.835e-22	1.0000e+01	9.7243e+00	5.1787e-14	2.8708e-02	9.7129e-01	1.0000e+00	6.7134e-08	1.1755e-36	8.8493e-18	2.2961e-05	9.4461e-01	5.5368e-02	1.1755e-36	3.4197e-02	9.6580e-01	3.7146e-20	1.1755e-36	1.1755e-36	1.1755e-36	6.2429e-26	0.00e+00	0.00e+00	1.7361e+01
7.34512e+20	7.8831e+03	3.859e-22	1.0000e+01	9.6646e+00	7.9244e-14	3.4683e-02	9.6532e-01	1.0000e+00	5.5642e-08	1.1755e-36	1.3095e-17	2.3070e-05	9.5146e-01	4.8516e-02	1.1755e-36	4.1535e-02	9.5847e-01	3.1931e-20	1.1755e-36	1.1755e-36	1.1755e-36	1.1017e-25	0.00e+00	0.00e+00	1.8040e+01
7.34793e+20	7.8008e+03	3.877e-22	1.0000e+01	9.6038e+00	1.2079e-13	4.1797e-02	9.5820e-01	1.0000e+00	4.6565e-08	1.1755e-36	1.9230e-17	2.3138e-05	9.5751e-01	4.2468e-02	1.1755e-36	5.0258e-02	9.4974e-01	2.9705e-20	1.1755e-36	1.1755e-36	1.1755e-36	1.9228e-25	0.00e+00	0.00e+00	1.8706e+01
7.35026e+20	7.7177e+03	3.886e-22	1.0000e+01	9.5389e+00	1.8270e-13	5.0169e-02	9.4983e-01	1.0000e+00	3.9266e-08	1.1755e-36	2.7940e-17	2.3209e-05	9.6281e-01	3.7171e-02	1.1755e-36	6.0495e-02	9.3951e-01	2.8613e-20	1.1755e-36	1.1755e-36	1.1755e-36	3.3047e-25	0.00e+00	0.00e+00	1.9384e+01
7.35230e+20	7.6347e+03	3.876e-22	1.0000e+01	9.4487e+00	2.7780e-13	6.0367e-02	9.3963e-01	1.0000e+00	3.3001e-08	1.1755e-36	4.0700e-17	2.3192e-05	9.6759e-01	3.2383e-02	1.1755e-36	7.2927e-02	9.2707e-01	2.7084e-20	1.1755e-36	1.1755e-36	1.1755e-36	5.6846e-25	0.00e+00	0.00e+00	2.0122e+01
7.35418e+20	7.5474e+03	3.833e-22	1.0000e+01	9.3027e+00	4.3288e-13	7.3440e-02	9.2656e-01	1.0000e+00	2.7336e-08	1.1755e-36	6.0409e-17	2.3011e-05	9.7207e-01	2.7902e-02	1.1755e-36	8.8793e-02	9.1121e-01	2.4600e-20	1.1755e-36	1.1755e-36	1.1755e-36	9.9729e-25	0.00e+00	0.00e+00	2.0969e+01
7.35593e+20	7.4622e+03	3.751e-22	1.0000e+01	9.1020e+00	6.9581e-13	9.0761e-02	9.0924e-01	1.0000e+00	2.2047e-08	1.1755e-36	9.2280e-17	2.2717e-05	9.7632e-01	2.3653e-02	1.1755e-36	1.0968e-01	8.9032e-01	2.1322e-20	1.1755e-36	1.1755e-36	1.1755e-36	1.8129e-24	0.00e+00	0.00e+00	2.1931e+01
7.35747e+20	7.3486e+03	3.649e-22	1.0000e+01	8.8766e+00	1.1630e-12	1.1347e-01	8.8653e-01	1.0000e+00	1.7472e-08	1.1755e-36	1.4382e-16	2.2344e-05	9.8024e-01	1.9741e-02	1.1755e-36	1.3680e-01	8.6320e-01	1.7902e-20	1.1755e-36	1.1755e-36	1.1755e-36	3.3775e-24	0.00e+00	0.00e+00	2.2926e+01
7.35870e+20	7.2420e+03	3.508e-22	1.0000e+01	8.6089e+00	1.8924e-12	1.4022e-01	8.5978e-01	1.0000e+00	1.4025e-08	1.1755e-36	2.1834e-16	2.1833e-05	9.8346e-01	1.6515e-02	1.1755e-36	1.6841e-01	8.3159e-01	1.5105e-20	1.1755e-36	1.1755e-36	1.1755e-36	6.0094e-24	0.00e+00	0.00e+00	2.3886e+01
7.35968e+20	7.1317e+03	3.339e-22	1.0000e+01	8.3105e+00	2.9726e-12	1.7008e-01	8.2992e-01	1.0000e+00	1.1471e-08	1.1755e-36	3.1856e-16	2.1215e-05	9.8605e-01	1.3930e-02	1.1755e-36	2.0322e-01	7.9678e-01	1.2854e-20	1.1755e-36	1.1755e-36	1.1755e-36	1.0005e-23	0.00e+00	0.00e+00	2.4825e+01
7.36050e+20	7.0103e+03	3.142e-22	1.0000e+01	7.9728e+00	4.5811e-12	2.0366e-01	7.9634e-01	1.0000e+00	9.4782e-09	1.1755e-36	4.5203e-16	2.0483e-05	9.8819e-01	1.1790e-02	1.1755e-36	2.4180e-01	7.5820e-01	1.0879e-20	1.1755e-36	1.1755e-36	1.1755e-36	1.5810e-23	0.00e+00	0.00e+00	2.5796e+01
7.36122e+20	6.8675e+03	2.913e-22	1.0000e+01	7.5828e+00	7.0778e-12	2.4262e-01	7.5738e-01	1.0000e+00	7.7861e-09	1.1755e-36	6.3368e-16	1.9603e-05	9.9005e-01	9.9323e-03	1.1755e-36	2.8584e-01	7.1416e-01	9.0522e-21	1.1755e-36	1.1755e-36	1.1755e-36	2.4153e-23	0.00e+00	0.00e+00	2.6837e+01
7.36182e+20	6.7078e+03	2.669e-22	1.0000e+01	7.1625e+00	1.0709e-11	2.8464e-01	7.1536e-01	1.0000e+00	6.3630e-09	1.1755e-36	8.6090e-16	1.8628e-05	9.9158e-01	8.4040e-03	1.1755e-36	3.3243e-01	6.6757e-01	7.5026e-21	1.1755e-36	1.1755e-36	1.1755e-36	3.4709e-23	0.00e+00	0.00e+00	2.7787e+01
7.36226e+20	6.5555e+03	2.457e-22	1.0000e+01	6.7902e+00	1.5049e-11	3.2259e-01	6.7741e-01	1.0000e+00	5.4035e-09	1.1755e-36	1.0940e-15	1.7741e-05	9.9268e-01	7.3023e-03	1.1755e-36	3.7377e-01	6.2623e-01	6.4161e-21	1.1755e-36	1.1755e-36	1.1755e-36	4.5271e-23	0.00e+00	0.00e+00	2.8520e+01
7.36257e+20	6.4242e+03	2.287e-22	1.0000e+01	6.4797e+00	1.9450e-11	3.5293e-01	6.4707e-01	1.0000e+00	4.8621e-09	1.1755e-36	1.2992e-15	1.6999e-05	9.9342e-01	6.5624e-03	1.1755e-36	4.0631e-01	5.9369e-01	5.7129e-21	1.1755e-36	1.1755e-36	1.1755e-36	5.3820e-23	0.00e+00	0.00e+00	2.9106e+01
7.36282e+20	6.3052e+03	2.146e-22	1.0000e+01	6.2186e+00	2.4023e-11	3.7898e-01	6.2102e-01	1.0000e+00	4.4606e-09	1.1755e-36	1.4892e-15	1.6369e-05	9.9398e-01	6.0041e-03	1.1755e-36	4.3390e-01	5.6610e-01	5.1877e-21	1.1755e-36	1.1755e-36	1.1755e-36	6.1194e-23	0.00e+00	0.00e+00	2.9630e+01
7.36303e+20	6.1832e+03	2.013e-22	1.0000e+01	5.9660e+00	2.9280e-11	4.0416e-01	5.9584e-01	1.0000e+00	4.1082e-09	1.1755e-36	1.6854e-15	1.5757e-05	9.9446e-01	5.5209e-03	1.1755e-36	4.6027e-01	5.3973e-01	4.7307e-21	1.1755e-36	1.1755e-36	1.1755e-36	6.8101e-23	0.00e+00	0.00e+00	3.0164e+01
7.36323e+20	6.0526e+03	1.881e-22	1.0000e+01	5.7096e+00	3.5575e-11	4.2970e-01	5.7030e-01	1.0000e+00	3.7567e-09	1.1755e-36	1.8976e-15	1.5132e-05	9.9491e-01	5.0772e-03	1.1755e-36	4.8672e-01	5.1328e-01	4.3100e-21	1.1755e-36	1.1755e-36	1.1755e-36	7.4709e-23	0.00e+00	0.00e+00	3.0699e+01
7.36342e+20	5.9162e+03	1.758e-22	1.0000e+01	5.4615e+00	4.2837e-11	4.5463e-01	5.4537e-01	1.0000e+00	3.4408e-09	1.1755e-36	2.1180e-15	1.4529e-05	9.9530e-01	4.6814e-03	1.1755e-36	5.1226e-01	4.8774e-01	3.9372e-21	1.1755e-36	1.1755e-36	1.1755e-36	8.0677e-23	0.00e+00	0.00e+00	3.1204e+01
7.36359e+20	5.7828e+03	1.645e-22	1.0000e+01	5.2297e+00	5.0633e-11	4.7782e-01	5.2218e-01	1.0000e+00	3.1848e-09	1.1755e-36	2.3358e-15	1.3959e-05	9.9564e-01	4.3426e-03	1.1755e-36	5.3576e-01	4.6424e-01	3.6208e-21	1.1755e-36	1.1755e-36	1.1755e-36	8.5594e-23	0.00e+00	0.00e+00	3.1671e+01
7.36373e+20	5.6506e+03	1.544e-22	1.0000e+01	5.0136e+00	5.8913e-11	4.9942e-01	5.0058e-01	1.0000e+00	2.9714e-09	1.1755e-36	2.5503e-15	1.3428e-05	9.9594e-01	4.0498e-03	1.1755e-36	5.5744e-01	4.4256e-01	3.3502e-21	1.1755e-36	1.1755e-36	1.1755e-36	8.9542e-23	0.00e+00	0.00e+00	3.2112e+01
7.36387e+20	5.5185e+03	1.450e-22	1.0000e+01	4.8087e+00	6.7672e-11	5.1993e-01	4.8007e-01	1.0000e+00	2.7836e-09	1.1755e-36	2.7653e-15	1.2923e-05	9.9620e-01	3.7900e-03	1.1755e-36	5.7784e-01	4.2216e-01	3.1120e-21	1.1755e-36	1.1755e-36	1.1755e-36	9.2659e-23	0.00e+00	0.00e+00	3.2537e+01
7.36399e+20	5.3844e+03	1.363e-22	1.0000e+01	4.6115e+00	7.6899e-11	5.3967e-01	4.6033e-01	1.0000e+00	2.6124e-09	1.1755e-36	2.9834e-15	1.2436e-05	9.9643e-01	3.5549e-03	1.1755e-36	5.9730e-01	4.0270e-01	2.8983e-21	1.1755e-36	1.1755e-36	1.1755e-36	9.5015e-23	0.00e+00	0.00e+00	3.2952e+01
7.36409e+20	5.2745e+03	1.296e-22	1.0000e+01	4.4561e+00	8.4597e-11	5.5520e-01	4.4480e-01	1.0000e+00	2.4535e-09	1.1755e-36	3.1634e-15	1.2052e-05	9.9661e-01	3.3763e-03	1.1755e-36	6.1250e-01	3.8750e-01	2.7392e-21	1.1755e-36	1.1755e-36	1.1755e-36	9.6366e-23	0.00e+00	0.00e+00	3.3232e+01
7.36417e+20	5.1817e+03	1.243e-22	1.0000e+01	4.3311e+00	9.1071e-11	5.6773e-01	4.3227e-01	1.0000e+00	2.3906e-09	1.1755e-36	3.3141e-15	1.1744e-05	9.9675e-01	3.2403e-03	1.1755e-36	6.2469e-01	3.7531e-01	2.6188e-21	1.1755e-36	1.1755e-36	1.1755e-36	9.7138e-23	0.00e+00	0.00e+00	3.3496e+01
7.36424e+20	5.0895e+03	1.192e-22	1.0000e+01	4.2097e+00	9.7487e-11	5.8003e-01	4.1997e-01	1.0000e+00	2.3027e-09	1.1755e-36	3.4675e-15	1.1443e-05	9.9688e-01	3.1113e-03	1.1755e-36	6.3661e-01	3.6339e-01	2.5044e-21	1.1755e-36	1.1755e-36	1.1755e-36	9.7677e-23	0.00e+00	0.00e+00	3.3768e+01
7.36432e+20	4.9863e+03	1.140e-22	1.0000e+01	4.0820e+00	1.0428e-10	5.9271e-01	4.0729e-01	1.0000e+00	2.2094e-09	1.1755e-36	3.6308e-15	1.1135e-05	9.9701e-01	2.9831e-03	1.1755e-36	6.4881e-01	3.5119e-01	2.3925e-21	1.1755e-36	1.1755e-36	1.1755e-36	9.7706e-23	0.00e+00	0.00e+00	3.4051e+01
7.36439e+20	4.8780e+03	1.090e-22	1.0000e+01	3.9545e+00	1.1077e-10	6.0553e-01	3.9447e-01	1.0000e+00	2.1138e-09	1.1755e-36	3.8004e-15	1.0826e-05	9.9714e-01	2.8517e-03	1.1755e-36	6.6112e-01	3.3888e-01	2.2831e-21	1.1755e-36	1.1755e-36	1.1755e-36	9.7163e-23	0.00e+00	0.00e+00	3.4334e+01
7.36447e+20	4.7718e+03	1.040e-22	1.0000e+01	3.8262e+00	1.1663e-10	6.1806e-01	3.8194e-01	1.0000e+00	2.0284e-09	1.1755e-36	3.9741e-15	1.0511e-05	9.9726e-01	2.7274e-03	1.1755e-36	6.7306e-01	3.2694e-01	2.1797e-21	1.1755e-36	1.1755e-36	1.1755e-36	9.6083e-23	0.00e+00	0.00e+00	3.4622e+01
7.36454e+20	4.6557e+03	9.914e-23	1.0000e+01	3.6980e+00	1.2240e-10	6.3088e-01	3.6912e-01	1.0000e+00	1.9430e-09	1.1755e-36	4.1570e-15	1.0203e-05	9.9739e-01	2.6037e-03	1.1755e-36	6.8523e-01	3.1477e-01	2.0784e-21	1.1755e-36	1.1755e-36	1.1755e-36	9.4671e-23	0.00e+00	0.00e+00	3.4915e+01
7.36462e+20	4.5350e+03	9.436e-23	1.0000e+01	3.5690e+00	1.2759e-10	6.4378e-01	3.5622e-01	1.0000e+00	1.8601e-09	1.1755e-36	4.3483e-15	9.8952e-06	9.9751e-01	2.4829e-03	1.1755e-36	6.9740e-01	3.0260e-01	1.9801e-21	1.1755e-36	1.1755e-36	1.1755e-36	9.2822e-23	0.00e+00	0.00e+00	3.5215e+01
7.36469e+20	4.4055e+03	8.969e-23	1.0000e+01	3.4392e+00	1.3220e-10	6.5689e-01	3.4311e-01	1.0000e+00	1.7787e-09	1.1755e-36	4.5495e-15	9.5910e-06	9.9763e-01	2.3637e-03	1.1755e-36	7.0971e-01	2.9029e-01	1.8842e-21	1.1755e-36	1.1755e-36	1.1755e-36	9.0537e-23	0.00e+00	0.00e+00	3.5520e+01
7.36476e+20	4.2741e+03	8.509e-23	1.0000e+01	3.3089e+00	1.3579e-10	6.6993e-01	3.3007e-01	1.0000e+00	1.7012e-09	1.1755e-36	4.7594e-15	9.2861e-06	9.9774e-01	2.2485e-03	1.1755e-36	7.2189e-01	2.7811e-01	1.7918e-21	1.1755e-36	1.1755e-36	1.1755e-36	8.7814e-23	0.00e+00	0.00e+00	3.5832e+01
7.36484e+20	4.1372e+03	8.060e-23	1.0000e+01	3.1783e+00	1.3841e-10	6.8300e-01	3.1700e-01	1.0000e+00	1.6262e-09	1.1755e-36	4.9794e-15	8.9851e-06	9.9785e-01	2.1363e-03	1.1755e-36	7.3405e-01	2.6595e-01	1.7022e-21	1.1755e-36	1.1755e-36	1.1755e-36	8.4689e-23	0.00e+00	0.00e+00	3.6149e+01
7.36491e+20	3.9948e+03	7.621e-23	1.0000e+01	3.0476e+00	1.3996e-10	6.9609e-01	3.0391e-01	1.0000e+00	1.5542e-09	1.1755e-36	5.2099e-15	8.6891e-06	9.9796e-01	2.0272e-03	1.1755e-36	7.4615e-01	2.5385e-01	1.6154e-21	1.1755e-36	1.1755e-36	1.1755e-36	8.1188e-23	0.00e+00	0.00e+00	3.6473e+01
